     1        0   0.000
     2    12510   0.010
     3    25019   0.020
     4    37528   0.030
     5    50037   0.040
     6    62546   0.050
     7    75055   0.060
     8    87564   0.070
     9   100073   0.080
    10   112582   0.090
    11   125091   0.100
    12   137600   0.110
    13   150109   0.120
    14   162618   0.130
    15   175127   0.140
    16   187636   0.150
    17   200145   0.160
    18   212654   0.170
    19   225163   0.180
    20   237672   0.190
    21   250181   0.200
    22   262690   0.210
    23   275199   0.220
