     1        0   216000   0.000
     2    12510   216000   0.010
     3    25019   216451   0.020
     4    37528   217507   0.030
     5    50037   218659   0.040
     6    62546   220098   0.050
     7    75055   221037   0.060
     8    87564   222339   0.070
     9   100073   223665   0.080
    10   112582   224918   0.090
    11   125091   226258   0.100
    12   137600   227590   0.110
    13   150109   228227   0.120
    14   162618   229549   0.130
    15   175127   230899   0.140
    16   187636   232316   0.150
    17   200145   233741   0.160
    18   212654   235091   0.170
    19   225163   235793   0.180
    20   237672   237170   0.190
    21   250181   238541   0.200
    22   262690   239998   0.210
    23   275199   241399   0.220
