     1     4000     1252   0.001
     2     4000     2503   0.002
     3     4000     3754   0.003
     4     4000     5005   0.004
     5     4000     6256   0.005
     6     4000     7507   0.006
     7     4000     8758   0.007
     8     4000    10009   0.008
     9     4000    11260   0.009
    10     4000    12511   0.010
    11     4000    13762   0.011
    12     4000    15013   0.012
    13     4000    16264   0.013
    14     4000    17515   0.014
    15     4000    18766   0.015
    16     4000    20017   0.016
    17     4000    21268   0.017
    18     4000    22519   0.018
    19     4000    23770   0.019
    20     4000    25021   0.020
    21     4000    26272   0.021
    22     4000    27523   0.022
    23     4000    28774   0.023
    24     4000    30025   0.024
    25     4000    31276   0.025
    26     4000    32527   0.026
    27     4000    33778   0.027
    28     4000    35029   0.028
    29     4000    36280   0.029
    30     4000    37531   0.030
    31     4000    38782   0.031
    32     4000    40033   0.032
    33     4000    41284   0.033
    34     4000    42535   0.034
    35     4000    43786   0.035
    36     4000    45037   0.036
    37     4000    46288   0.037
    38     4000    47539   0.038
    39     4000    48790   0.039
    40     4000    50041   0.040
    41     4000    51292   0.041
    42     4000    52543   0.042
    43     4000    53794   0.043
    44     4000    55045   0.044
    45     4000    56296   0.045
    46     4000    57547   0.046
    47     4000    58798   0.047
    48     4000    60049   0.048
    49     4000    61300   0.049
    50     4000    62551   0.050
    51     4000    63802   0.051
    52     4000    65053   0.052
    53     4000    66304   0.053
    54     4000    67555   0.054
    55     4000    68806   0.055
    56     4000    70057   0.056
    57     4000    71308   0.057
    58     4000    72559   0.058
    59     4000    73810   0.059
    60     4000    75061   0.060
    61     4000    76312   0.061
    62     4000    77563   0.062
    63     4000    78814   0.063
    64     4000    80065   0.064
    65     4000    81316   0.065
    66     4000    82567   0.066
    67     4000    83818   0.067
    68     4000    85069   0.068
    69     4000    86320   0.069
    70     4000    87571   0.070
    71     4000    88822   0.071
    72     4000    90073   0.072
    73     4000    91324   0.073
    74     4000    92575   0.074
    75     4000    93826   0.075
    76     4000    95077   0.076
    77     4000    96328   0.077
    78     4000    97579   0.078
    79     4000    98830   0.079
    80     4000   100081   0.080
    81     4000   101332   0.081
    82     4000   102583   0.082
    83     4000   103834   0.083
    84     4000   105085   0.084
    85     4000   106336   0.085
    86     4000   107587   0.086
    87     4000   108838   0.087
    88     4000   110089   0.088
    89     4000   111340   0.089
    90     4000   112591   0.090
    91     4000   113842   0.091
    92     4000   115093   0.092
    93     4000   116344   0.093
    94     4000   117595   0.094
    95     4000   118846   0.095
    96     4000   120097   0.096
    97     4000   121348   0.097
    98     4000   122599   0.098
    99     4000   123850   0.099
   100     4000   125101   0.100
   101     4000   126352   0.101
   102     4000   127603   0.102
   103     4000   128854   0.103
   104     4000   130105   0.104
   105     4000   131356   0.105
   106     4000   132607   0.106
   107     4000   133858   0.107
   108     4000   135109   0.108
   109     4000   136360   0.109
   110     4000   137611   0.110
   111     4000   138862   0.111
   112     4000   140113   0.112
   113     4000   141364   0.113
   114     4000   142615   0.114
   115     4000   143866   0.115
   116     4000   145117   0.116
   117     4000   146368   0.117
   118     4000   147619   0.118
   119     4000   148870   0.119
   120     4000   150121   0.120
   121     4000   151372   0.121
   122     4000   152623   0.122
   123     4000   153874   0.123
   124     4000   155125   0.124
   125     4000   156376   0.125
   126     4000   157627   0.126
   127     4000   158878   0.127
   128     4000   160129   0.128
   129     4000   161380   0.129
   130     4000   162631   0.130
   131     4000   163882   0.131
   132     4000   165133   0.132
   133     4000   166384   0.133
   134     4000   167635   0.134
   135     4000   168886   0.135
   136     4000   170137   0.136
   137     4000   171388   0.137
   138     4000   172639   0.138
   139     4000   173890   0.139
   140     4000   175141   0.140
   141     4000   176392   0.141
   142     4000   177643   0.142
   143     4000   178894   0.143
   144     4000   180145   0.144
   145     4000   181396   0.145
   146     4000   182647   0.146
   147     4000   183898   0.147
   148     4000   185149   0.148
   149     4000   186400   0.149
   150     4000   187651   0.150
   151     4000   188902   0.151
   152     4000   190153   0.152
   153     4000   191404   0.153
   154     4000   192655   0.154
   155     4000   193906   0.155
   156     4000   195157   0.156
   157     4000   196408   0.157
   158     4000   197659   0.158
   159     4000   198910   0.159
   160     4000   200161   0.160
   161     4000   201412   0.161
   162     4000   202663   0.162
   163     4000   203914   0.163
   164     4000   205165   0.164
   165     4000   206416   0.165
   166     4000   207667   0.166
   167     4000   208918   0.167
   168     4000   210169   0.168
   169     4000   211420   0.169
   170     4000   212671   0.170
   171     4000   213922   0.171
   172     4000   215173   0.172
   173     4000   216424   0.173
   174     4000   217675   0.174
   175     4000   218926   0.175
   176     4000   220177   0.176
   177     4000   221428   0.177
   178     4000   222679   0.178
   179     4000   223930   0.179
   180     4000   225181   0.180
   181     4000   226432   0.181
   182     4000   227683   0.182
   183     4000   228934   0.183
   184     4000   230185   0.184
   185     4000   231436   0.185
   186     4000   232687   0.186
   187     4000   233938   0.187
   188     4000   235189   0.188
   189     4000   236440   0.189
   190     4000   237691   0.190
   191     4000   238942   0.191
   192     4000   240193   0.192
   193     4000   241444   0.193
   194     4000   242695   0.194
   195     4000   243946   0.195
   196     4000   245197   0.196
   197     4000   246448   0.197
   198     4000   247699   0.198
   199     4000   248950   0.199
   200     4000   250201   0.200
   201     4000   251452   0.201
   202     4000   252703   0.202
   203     4000   253954   0.203
   204     4000   255205   0.204
   205     4000   256456   0.205
   206     4000   257707   0.206
   207     4000   258958   0.207
   208     4000   260209   0.208
   209     4000   261460   0.209
   210     4000   262711   0.210
   211     4000   263962   0.211
   212     4000   265213   0.212
   213     4000   266464   0.213
   214     4000   267715   0.214
   215     4000   268966   0.215
   216     4000   270217   0.216
   217     4000   271468   0.217
   218     4000   272719   0.218
   219     4000   273970   0.219
   220     4000   275221   0.220
   221     4000   276472   0.221
   222     4000   277723   0.222
   223     4000   278974   0.223
   224     4000   280225   0.224
   225     4000   281476   0.225
   226     4000   282727   0.226
   227     4000   283978   0.227
