      1000   0.000 -0.186E+12 -0.192E+12
      2000   0.001 -0.691E+11 -0.844E+11
      3000   0.001 -0.633E+11 -0.690E+11
      4000   0.002 -0.734E+11 -0.919E+11
      5000   0.002 -0.837E+11 -0.890E+11
      6000   0.003 -0.931E+11 -0.920E+11
      7000   0.003 -0.987E+11 -0.106E+12
      8000   0.004 -0.100E+12 -0.111E+12
      9000   0.004 -0.117E+12 -0.121E+12
     10000   0.005 -0.116E+12 -0.119E+12
     11000   0.005 -0.119E+12 -0.130E+12
     12000   0.006 -0.121E+12 -0.134E+12
     13000   0.006 -0.131E+12 -0.136E+12
     14000   0.007 -0.164E+12 -0.150E+12
     15000   0.007 -0.132E+12 -0.167E+12
     16000   0.008 -0.120E+12 -0.166E+12
     17000   0.008 -0.136E+12 -0.158E+12
     18000   0.009 -0.154E+12 -0.141E+12
     19000   0.009 -0.158E+12 -0.145E+12
     20000   0.010 -0.151E+12 -0.151E+12
     21000   0.010 -0.131E+12 -0.146E+12
     22000   0.011 -0.134E+12 -0.137E+12
     23000   0.011 -0.130E+12 -0.135E+12
     24000   0.012 -0.129E+12 -0.128E+12
     25000   0.012 -0.122E+12 -0.125E+12
     26000   0.013 -0.114E+12 -0.121E+12
     27000   0.013 -0.116E+12 -0.119E+12
     28000   0.014 -0.118E+12 -0.115E+12
     29000   0.014 -0.132E+12 -0.121E+12
     30000   0.014 -0.249E+12 -0.242E+12
     31000   0.015 -0.141E+12 -0.143E+12
     32000   0.015 -0.126E+12 -0.150E+12
     33000   0.016 -0.130E+12 -0.139E+12
     34000   0.016 -0.142E+12 -0.124E+12
     35000   0.017 -0.143E+12 -0.130E+12
     36000   0.017 -0.193E+12 -0.140E+12
     37000   0.018 -0.168E+12 -0.128E+12
     38000   0.018 -0.146E+12 -0.142E+12
     39000   0.019 -0.134E+12 -0.173E+12
     40000   0.019 -0.126E+12 -0.202E+12
     41000   0.020 -0.124E+12 -0.169E+12
     42000   0.020 -0.131E+12 -0.154E+12
     43000   0.021 -0.139E+12 -0.136E+12
     44000   0.021 -0.150E+12 -0.122E+12
     45000   0.022 -0.145E+12 -0.106E+12
     46000   0.022 -0.126E+12 -0.897E+11
     47000   0.023 -0.225E+12 -0.229E+12
     48000   0.023 -0.124E+12 -0.156E+12
     49000   0.024 -0.139E+12 -0.140E+12
     50000   0.024 -0.148E+12 -0.142E+12
     51000   0.025 -0.130E+12 -0.141E+12
     52000   0.025 -0.133E+12 -0.148E+12
     53000   0.026 -0.138E+12 -0.134E+12
     54000   0.026 -0.138E+12 -0.131E+12
     55000   0.027 -0.130E+12 -0.121E+12
     56000   0.027 -0.168E+12 -0.151E+12
     57000   0.028 -0.174E+12 -0.143E+12
     58000   0.028 -0.147E+12 -0.135E+12
     59000   0.028 -0.131E+12 -0.130E+12
     60000   0.029 -0.117E+12 -0.133E+12
     61000   0.029 -0.102E+12 -0.133E+12
     62000   0.030 -0.941E+11 -0.116E+12
     63000   0.030 -0.820E+11 -0.959E+11
     64000   0.031 -0.789E+11 -0.800E+11
     65000   0.031 -0.124E+12 -0.123E+12
     66000   0.032 -0.172E+12 -0.180E+12
     67000   0.032 -0.119E+12 -0.132E+12
     68000   0.033 -0.116E+12 -0.115E+12
     69000   0.033 -0.112E+12 -0.114E+12
     70000   0.034 -0.111E+12 -0.121E+12
     71000   0.034 -0.137E+12 -0.156E+12
     72000   0.035 -0.212E+12 -0.149E+12
     73000   0.035 -0.253E+12 -0.109E+12
     74000   0.036 -0.280E+12 -0.727E+11
     75000   0.036 -0.237E+12 -0.103E+12
     76000   0.037 -0.112E+12 -0.184E+12
     77000   0.037 -0.991E+11 -0.159E+12
     78000   0.038 -0.127E+12 -0.916E+11
     79000   0.038 -0.126E+12 -0.848E+11
     80000   0.039 -0.109E+12 -0.889E+11
     81000   0.039 -0.899E+11 -0.981E+11
     82000   0.040 -0.823E+11 -0.118E+12
     83000   0.040 -0.871E+11 -0.125E+12
     84000   0.041 -0.861E+11 -0.121E+12
     85000   0.041 -0.185E+12 -0.186E+12
     86000   0.042 -0.116E+12 -0.110E+12
     87000   0.042 -0.108E+12 -0.106E+12
     88000   0.042 -0.908E+11 -0.953E+11
     89000   0.043 -0.863E+11 -0.862E+11
     90000   0.043 -0.848E+11 -0.817E+11
     91000   0.044 -0.868E+11 -0.995E+11
     92000   0.044 -0.949E+11 -0.106E+12
     93000   0.045 -0.978E+11 -0.996E+11
     94000   0.045 -0.840E+11 -0.935E+11
     95000   0.046 -0.767E+11 -0.651E+11
     96000   0.046 -0.644E+11 -0.551E+11
     97000   0.047 -0.516E+11 -0.579E+11
     98000   0.047 -0.491E+11 -0.500E+11
     99000   0.048 -0.446E+11 -0.574E+11
    100000   0.048 -0.418E+11 -0.660E+11
    101000   0.049 -0.358E+11 -0.687E+11
    102000   0.049 -0.176E+12 -0.174E+12
    103000   0.050 -0.114E+12 -0.974E+11
    104000   0.050 -0.900E+11 -0.855E+11
    105000   0.051 -0.810E+11 -0.861E+11
    106000   0.051 -0.780E+11 -0.822E+11
    107000   0.052 -0.798E+11 -0.820E+11
    108000   0.052 -0.104E+12 -0.758E+11
    109000   0.053 -0.129E+12 -0.711E+11
    110000   0.053 -0.178E+12 -0.608E+11
    111000   0.054 -0.195E+12 -0.455E+11
    112000   0.054 -0.188E+12 -0.434E+11
    113000   0.055 -0.156E+12 -0.449E+11
    114000   0.055 -0.126E+12 -0.428E+11
    115000   0.055 -0.110E+12 -0.723E+11
    116000   0.056 -0.140E+12 -0.161E+12
    117000   0.056 -0.822E+11 -0.996E+11
    118000   0.057 -0.797E+11 -0.688E+11
    119000   0.057 -0.709E+11 -0.737E+11
    120000   0.058 -0.643E+11 -0.688E+11
    121000   0.058 -0.636E+11 -0.785E+11
    122000   0.059 -0.104E+12 -0.737E+11
    123000   0.059 -0.116E+12 -0.674E+11
    124000   0.060 -0.106E+12 -0.598E+11
    125000   0.060 -0.829E+11 -0.429E+11
    126000   0.061 -0.713E+11 -0.329E+11
    127000   0.061 -0.504E+11 -0.362E+11
    128000   0.062 -0.262E+11 -0.345E+11
    129000   0.062 -0.864E+10 -0.347E+11
    130000   0.063 -0.545E+11 -0.639E+11
    131000   0.063 -0.148E+12 -0.143E+12
    132000   0.064 -0.891E+11 -0.813E+11
    133000   0.064 -0.671E+11 -0.676E+11
    134000   0.065 -0.641E+11 -0.720E+11
    135000   0.065 -0.565E+11 -0.726E+11
    136000   0.066 -0.935E+11 -0.871E+11
    137000   0.066 -0.109E+12 -0.725E+11
    138000   0.067 -0.111E+12 -0.612E+11
    139000   0.067 -0.104E+12 -0.560E+11
    140000   0.068 -0.841E+11 -0.457E+11
    141000   0.068 -0.164E+12 -0.179E+12
    142000   0.069 -0.655E+11 -0.915E+11
    143000   0.069 -0.602E+11 -0.615E+11
    144000   0.069 -0.625E+11 -0.583E+11
    145000   0.070 -0.565E+11 -0.511E+11
    146000   0.070 -0.800E+11 -0.472E+11
    147000   0.071 -0.121E+12 -0.502E+11
    148000   0.071 -0.134E+12 -0.553E+11
    149000   0.072 -0.124E+12 -0.679E+11
    150000   0.072 -0.954E+11 -0.701E+11
    151000   0.073 -0.648E+11 -0.655E+11
    152000   0.073 -0.465E+11 -0.539E+11
    153000   0.074 -0.313E+11 -0.471E+11
    154000   0.074 -0.138E+11 -0.437E+11
    155000   0.075 -0.333E+10 -0.368E+11
    156000   0.075 -0.167E+12 -0.173E+12
    157000   0.076 -0.853E+11 -0.753E+11
    158000   0.076 -0.577E+11 -0.617E+11
    159000   0.077 -0.539E+11 -0.614E+11
    160000   0.077 -0.486E+11 -0.541E+11
    161000   0.078 -0.566E+11 -0.675E+11
    162000   0.078 -0.689E+11 -0.618E+11
    163000   0.079 -0.695E+11 -0.617E+11
    164000   0.079 -0.715E+11 -0.593E+11
    165000   0.080 -0.681E+11 -0.508E+11
    166000   0.080 -0.602E+11 -0.400E+11
    167000   0.081 -0.488E+11 -0.300E+11
    168000   0.081 -0.176E+12 -0.176E+12
    169000   0.082 -0.714E+11 -0.788E+11
    170000   0.082 -0.530E+11 -0.542E+11
    171000   0.083 -0.500E+11 -0.492E+11
    172000   0.083 -0.418E+11 -0.425E+11
    173000   0.083 -0.559E+11 -0.485E+11
    174000   0.084 -0.625E+11 -0.494E+11
    175000   0.084 -0.616E+11 -0.613E+11
    176000   0.085 -0.597E+11 -0.676E+11
    177000   0.085 -0.556E+11 -0.632E+11
    178000   0.086 -0.452E+11 -0.491E+11
    179000   0.086 -0.299E+11 -0.392E+11
    180000   0.087 -0.158E+11 -0.308E+11
    181000   0.087 -0.825E+10 -0.223E+11
    182000   0.088 -0.176E+12 -0.179E+12
    183000   0.088 -0.912E+11 -0.843E+11
    184000   0.089 -0.597E+11 -0.581E+11
    185000   0.089 -0.461E+11 -0.495E+11
    186000   0.090 -0.444E+11 -0.482E+11
    187000   0.090 -0.364E+11 -0.387E+11
    188000   0.091 -0.401E+11 -0.511E+11
    189000   0.091 -0.360E+11 -0.461E+11
    190000   0.092 -0.337E+11 -0.396E+11
    191000   0.092 -0.290E+11 -0.395E+11
    192000   0.093 -0.228E+11 -0.317E+11
    193000   0.093 -0.172E+11 -0.221E+11
    194000   0.094 -0.126E+11 -0.132E+11
    195000   0.094 -0.786E+10 -0.705E+10
    196000   0.095 -0.170E+12 -0.164E+12
    197000   0.095 -0.740E+11 -0.684E+11
    198000   0.096 -0.480E+11 -0.501E+11
    199000   0.096 -0.368E+11 -0.446E+11
    200000   0.097 -0.344E+11 -0.412E+11
    201000   0.097 -0.345E+11 -0.379E+11
    202000   0.097 -0.639E+11 -0.350E+11
    203000   0.098 -0.830E+11 -0.326E+11
    204000   0.098 -0.990E+11 -0.242E+11
    205000   0.099 -0.108E+12 -0.200E+11
    206000   0.099 -0.159E+12 -0.153E+12
    207000   0.100 -0.416E+11 -0.853E+11
    208000   0.100 -0.362E+11 -0.438E+11
    209000   0.101 -0.384E+11 -0.281E+11
    210000   0.101 -0.325E+11 -0.282E+11
    211000   0.102 -0.359E+11 -0.261E+11
    212000   0.102 -0.341E+11 -0.399E+11
    213000   0.103 -0.408E+11 -0.706E+11
    214000   0.103 -0.544E+11 -0.953E+11
    215000   0.104 -0.586E+11 -0.108E+12
    216000   0.104 -0.984E+11 -0.107E+12
    217000   0.105 -0.121E+12 -0.756E+11
    218000   0.105 -0.475E+11 -0.355E+11
    219000   0.106 -0.227E+11 -0.446E+11
    220000   0.106 -0.247E+11 -0.339E+11
    221000   0.107 -0.289E+11 -0.339E+11
    222000   0.107 -0.512E+11 -0.326E+11
    223000   0.108 -0.541E+11 -0.315E+11
    224000   0.108 -0.824E+11 -0.445E+11
    225000   0.109 -0.106E+12 -0.536E+11
    226000   0.109 -0.107E+12 -0.511E+11
    227000   0.110 -0.157E+12 -0.156E+12
    228000   0.110 -0.457E+11 -0.738E+11
    229000   0.111 -0.314E+11 -0.403E+11
    230000   0.111 -0.313E+11 -0.268E+11
    231000   0.111 -0.287E+11 -0.263E+11
    232000   0.112 -0.302E+11 -0.231E+11
    233000   0.112 -0.308E+11 -0.295E+11
    234000   0.113 -0.364E+11 -0.561E+11
    235000   0.113 -0.468E+11 -0.882E+11
    236000   0.114 -0.502E+11 -0.101E+12
    237000   0.114 -0.291E+11 -0.708E+11
    238000   0.115 -0.133E+12 -0.110E+12
    239000   0.115 -0.503E+11 -0.304E+11
    240000   0.116 -0.234E+11 -0.423E+11
    241000   0.116 -0.228E+11 -0.370E+11
    242000   0.117 -0.321E+11 -0.265E+11
    243000   0.117 -0.396E+11 -0.266E+11
    244000   0.118 -0.410E+11 -0.368E+11
    245000   0.118 -0.352E+11 -0.594E+11
    246000   0.119 -0.233E+11 -0.781E+11
    247000   0.119 -0.844E+10 -0.942E+11
    248000   0.120 -0.922E+11 -0.103E+12
    249000   0.120 -0.125E+12 -0.785E+11
    250000   0.121 -0.440E+11 -0.265E+11
    251000   0.121 -0.210E+11 -0.426E+11
    252000   0.122 -0.254E+11 -0.348E+11
    253000   0.122 -0.349E+11 -0.248E+11
    254000   0.123 -0.345E+11 -0.326E+11
    255000   0.123 -0.304E+11 -0.351E+11
    256000   0.124 -0.254E+11 -0.696E+11
    257000   0.124 -0.227E+11 -0.961E+11
    258000   0.125 -0.210E+11 -0.967E+11
    259000   0.125 -0.205E+11 -0.716E+11
    260000   0.125 -0.139E+12 -0.108E+12
    261000   0.126 -0.554E+11 -0.264E+11
    262000   0.126 -0.186E+11 -0.411E+11
    263000   0.127 -0.233E+11 -0.396E+11
    264000   0.127 -0.351E+11 -0.267E+11
    265000   0.128 -0.391E+11 -0.240E+11
    266000   0.128 -0.392E+11 -0.240E+11
    267000   0.129 -0.266E+11 -0.554E+11
    268000   0.129 -0.326E+11 -0.817E+11
    269000   0.130 -0.317E+11 -0.936E+11
    270000   0.130 -0.189E+11 -0.873E+11
    271000   0.131 -0.149E+12 -0.136E+12
    272000   0.131 -0.669E+11 -0.285E+11
    273000   0.132 -0.179E+11 -0.372E+11
    274000   0.132 -0.211E+11 -0.419E+11
    275000   0.133 -0.312E+11 -0.262E+11
    276000   0.133 -0.357E+11 -0.261E+11
    277000   0.134 -0.323E+11 -0.219E+11
    278000   0.134 -0.325E+11 -0.445E+11
    279000   0.135 -0.285E+11 -0.762E+11
    280000   0.135 -0.225E+11 -0.901E+11
    281000   0.136 -0.937E+10 -0.904E+11
    282000   0.136 -0.155E+12 -0.152E+12
    283000   0.137 -0.879E+11 -0.339E+11
    284000   0.137 -0.213E+11 -0.317E+11
    285000   0.138 -0.174E+11 -0.430E+11
    286000   0.138 -0.292E+11 -0.283E+11
    287000   0.139 -0.345E+11 -0.241E+11
    288000   0.139 -0.439E+11 -0.186E+11
    289000   0.139 -0.250E+11 -0.331E+11
    290000   0.140 -0.280E+11 -0.639E+11
    291000   0.140 -0.355E+11 -0.819E+11
    292000   0.141 -0.328E+11 -0.787E+11
    293000   0.141 -0.131E+12 -0.125E+12
    294000   0.142 -0.104E+12 -0.556E+11
    295000   0.142 -0.272E+11 -0.281E+11
    296000   0.143 -0.175E+11 -0.359E+11
    297000   0.143 -0.283E+11 -0.311E+11
    298000   0.144 -0.327E+11 -0.217E+11
    299000   0.144 -0.358E+11 -0.195E+11
    300000   0.145 -0.285E+11 -0.172E+11
    301000   0.145 -0.285E+11 -0.282E+11
    302000   0.146 -0.423E+11 -0.355E+11
    303000   0.146 -0.461E+11 -0.354E+11
    304000   0.147 -0.243E+11 -0.211E+11
    305000   0.147 -0.127E+12 -0.128E+12
    306000   0.148 -0.409E+11 -0.424E+11
    307000   0.148 -0.229E+11 -0.251E+11
    308000   0.149 -0.284E+11 -0.296E+11
    309000   0.149 -0.256E+11 -0.258E+11
    310000   0.150 -0.275E+11 -0.260E+11
    311000   0.150 -0.260E+11 -0.266E+11
    312000   0.151 -0.290E+11 -0.210E+11
    313000   0.151 -0.388E+11 -0.243E+11
    314000   0.152 -0.422E+11 -0.246E+11
    315000   0.152 -0.350E+11 -0.179E+11
    316000   0.153 -0.153E+12 -0.152E+12
    317000   0.153 -0.607E+11 -0.654E+11
    318000   0.153 -0.200E+11 -0.174E+11
    319000   0.154 -0.264E+11 -0.239E+11
    320000   0.154 -0.244E+11 -0.281E+11
    321000   0.155 -0.228E+11 -0.233E+11
    322000   0.155 -0.329E+11 -0.350E+11
    323000   0.156 -0.308E+11 -0.265E+11
    324000   0.156 -0.251E+11 -0.229E+11
    325000   0.157 -0.251E+11 -0.263E+11
    326000   0.157 -0.186E+11 -0.197E+11
    327000   0.158 -0.881E+11 -0.836E+11
    328000   0.158 -0.114E+12 -0.106E+12
    329000   0.159 -0.280E+11 -0.268E+11
    330000   0.159 -0.246E+11 -0.231E+11
    331000   0.160 -0.288E+11 -0.282E+11
    332000   0.160 -0.236E+11 -0.248E+11
    333000   0.161 -0.250E+11 -0.295E+11
    334000   0.161 -0.250E+11 -0.314E+11
    335000   0.162 -0.193E+11 -0.231E+11
    336000   0.162 -0.179E+11 -0.155E+11
    337000   0.163 -0.148E+11 -0.559E+10
    338000   0.163 -0.724E+10  0.477E+10
    339000   0.164 -0.156E+12 -0.154E+12
    340000   0.164 -0.666E+11 -0.723E+11
    341000   0.165 -0.256E+11 -0.179E+11
    342000   0.165 -0.295E+11 -0.213E+11
    343000   0.166 -0.263E+11 -0.280E+11
    344000   0.166 -0.210E+11 -0.232E+11
    345000   0.166 -0.291E+11 -0.260E+11
    346000   0.167 -0.290E+11 -0.186E+11
    347000   0.167 -0.352E+11 -0.104E+11
    348000   0.168 -0.365E+11 -0.399E+09
    349000   0.168 -0.275E+11  0.720E+10
    350000   0.169 -0.859E+11 -0.791E+11
    351000   0.169 -0.105E+12 -0.113E+12
    352000   0.170 -0.260E+11 -0.325E+11
    353000   0.170 -0.216E+11 -0.188E+11
    354000   0.171 -0.282E+11 -0.250E+11
    355000   0.171 -0.215E+11 -0.218E+11
    356000   0.172 -0.252E+11 -0.228E+11
    357000   0.172 -0.241E+11 -0.200E+11
    358000   0.173 -0.211E+11 -0.150E+11
    359000   0.173 -0.200E+11 -0.115E+11
    360000   0.174 -0.152E+11 -0.590E+10
    361000   0.174 -0.341E+10  0.490E+09
    362000   0.175 -0.136E+12 -0.126E+12
    363000   0.175 -0.426E+11 -0.413E+11
    364000   0.176 -0.218E+11 -0.224E+11
    365000   0.176 -0.265E+11 -0.303E+11
    366000   0.177 -0.223E+11 -0.235E+11
    367000   0.177 -0.219E+11 -0.198E+11
    368000   0.178 -0.258E+11 -0.245E+11
    369000   0.178 -0.222E+11 -0.161E+11
    370000   0.179 -0.211E+11 -0.106E+11
    371000   0.179 -0.149E+11 -0.309E+10
    372000   0.180 -0.544E+10  0.514E+10
    373000   0.180 -0.155E+12 -0.150E+12
    374000   0.180 -0.664E+11 -0.672E+11
    375000   0.181 -0.169E+11 -0.158E+11
    376000   0.181 -0.227E+11 -0.239E+11
    377000   0.182 -0.256E+11 -0.268E+11
    378000   0.182 -0.216E+11 -0.212E+11
    379000   0.183 -0.278E+11 -0.234E+11
    380000   0.183 -0.255E+11 -0.162E+11
    381000   0.184 -0.141E+11 -0.943E+10
    382000   0.184 -0.566E+10 -0.340E+10
    383000   0.185  0.186E+10  0.195E+10
    384000   0.185 -0.851E+11 -0.771E+11
    385000   0.186 -0.111E+12 -0.994E+11
    386000   0.186 -0.182E+11 -0.160E+11
    387000   0.187 -0.176E+11 -0.246E+11
    388000   0.187 -0.273E+11 -0.316E+11
    389000   0.188 -0.212E+11 -0.228E+11
    390000   0.188 -0.270E+11 -0.209E+11
    391000   0.189 -0.254E+11 -0.180E+11
    392000   0.189 -0.209E+11 -0.131E+11
    393000   0.190 -0.144E+11 -0.938E+10
    394000   0.190 -0.485E+10 -0.395E+10
    395000   0.191  0.556E+10  0.527E+10
    396000   0.191 -0.150E+12 -0.139E+12
    397000   0.192 -0.537E+11 -0.463E+11
    398000   0.192 -0.126E+11 -0.167E+11
    399000   0.193 -0.260E+11 -0.292E+11
    400000   0.193 -0.243E+11 -0.207E+11
    401000   0.194 -0.241E+11 -0.165E+11
    402000   0.194 -0.252E+11 -0.216E+11
    403000   0.194 -0.181E+11 -0.213E+11
    404000   0.195 -0.107E+11 -0.156E+11
    405000   0.195 -0.201E+10 -0.730E+10
    406000   0.196  0.594E+10  0.155E+10
    407000   0.196 -0.153E+12 -0.144E+12
    408000   0.197 -0.666E+11 -0.547E+11
    409000   0.197 -0.161E+11 -0.186E+11
    410000   0.198 -0.234E+11 -0.293E+11
    411000   0.198 -0.235E+11 -0.255E+11
    412000   0.199 -0.199E+11 -0.177E+11
    413000   0.199 -0.186E+11 -0.168E+11
    414000   0.200 -0.158E+11 -0.131E+11
    415000   0.200 -0.935E+10 -0.889E+10
    416000   0.201 -0.174E+10 -0.238E+10
    417000   0.201  0.448E+10  0.496E+10
    418000   0.202 -0.835E+11 -0.739E+11
    419000   0.202 -0.110E+12 -0.980E+11
    420000   0.203 -0.121E+11 -0.146E+11
    421000   0.203 -0.175E+11 -0.215E+11
    422000   0.204 -0.307E+11 -0.350E+11
    423000   0.204 -0.286E+11 -0.321E+11
    424000   0.205 -0.224E+11 -0.208E+11
    425000   0.205 -0.133E+11 -0.931E+10
    426000   0.206 -0.850E+10  0.328E+08
    427000   0.206 -0.435E+10  0.409E+10
    428000   0.207  0.380E+09  0.940E+10
    429000   0.207  0.125E+10  0.603E+10
    430000   0.208 -0.128E+12 -0.118E+12
    431000   0.208 -0.334E+11 -0.341E+11
    432000   0.208 -0.158E+11 -0.207E+11
    433000   0.209 -0.263E+11 -0.275E+11
    434000   0.209 -0.315E+11 -0.297E+11
    435000   0.210 -0.381E+11 -0.352E+11
    436000   0.210 -0.259E+11 -0.184E+11
    437000   0.211 -0.108E+11 -0.604E+10
    438000   0.211  0.552E+10  0.673E+10
    439000   0.212  0.171E+11  0.174E+11
    440000   0.212  0.243E+11  0.217E+11
    441000   0.213 -0.145E+12 -0.140E+12
    442000   0.213 -0.630E+11 -0.538E+11
    443000   0.214 -0.737E+10 -0.111E+11
    444000   0.214 -0.211E+11 -0.260E+11
    445000   0.215 -0.277E+11 -0.303E+11
    446000   0.215 -0.340E+11 -0.345E+11
    447000   0.216 -0.371E+11 -0.306E+11
    448000   0.216 -0.208E+11 -0.160E+11
    449000   0.217 -0.570E+10  0.125E+09
    450000   0.217  0.808E+10  0.136E+11
    451000   0.218  0.199E+11  0.230E+11
    452000   0.218 -0.187E+10  0.586E+09
    453000   0.219 -0.128E+12 -0.121E+12
    454000   0.219 -0.323E+11 -0.317E+11
    455000   0.220 -0.207E+11 -0.269E+11
    456000   0.220 -0.246E+11 -0.305E+11
    457000   0.221 -0.191E+11 -0.288E+11
    458000   0.221 -0.182E+11 -0.286E+11
    459000   0.222 -0.223E+11 -0.265E+11
    460000   0.222 -0.399E+11 -0.269E+11
    461000   0.222 -0.350E+11 -0.132E+11
    462000   0.223 -0.219E+11  0.435E+10
    463000   0.223 -0.105E+11  0.137E+11
    464000   0.224 -0.143E+12 -0.143E+12
    465000   0.224 -0.495E+11 -0.629E+11
    466000   0.225 -0.652E+10 -0.690E+10
    467000   0.225 -0.222E+11 -0.197E+11
    468000   0.226 -0.226E+11 -0.360E+11
    469000   0.226 -0.201E+11 -0.450E+11
    470000   0.227 -0.200E+11 -0.333E+11
    471000   0.227 -0.376E+11 -0.270E+11
    472000   0.228 -0.402E+11 -0.104E+11
    473000   0.228 -0.266E+11  0.129E+11
    474000   0.229 -0.161E+11  0.239E+11
    475000   0.229 -0.121E+12 -0.126E+12
    476000   0.230 -0.667E+11 -0.893E+11
    477000   0.230 -0.141E+10 -0.405E+10
    478000   0.231 -0.262E+11 -0.169E+11
    479000   0.231 -0.303E+11 -0.343E+11
    480000   0.232 -0.354E+11 -0.587E+11
    481000   0.232 -0.218E+11 -0.369E+11
    482000   0.233 -0.106E+11 -0.170E+11
    483000   0.233  0.143E+10  0.603E+10
    484000   0.234  0.124E+11  0.249E+11
    485000   0.234  0.167E+11  0.289E+11
    486000   0.235 -0.126E+12 -0.123E+12
    487000   0.235 -0.741E+11 -0.788E+11
    488000   0.236 -0.265E+09 -0.143E+10
    489000   0.236 -0.181E+11 -0.174E+11
    490000   0.236 -0.281E+11 -0.333E+11
    491000   0.237 -0.229E+11 -0.286E+11
    492000   0.237 -0.214E+11 -0.246E+11
    493000   0.238 -0.998E+10 -0.102E+11
    494000   0.238  0.178E+10  0.616E+10
    495000   0.239  0.675E+10  0.142E+11
    496000   0.239 -0.439E+09  0.492E+10
    497000   0.240 -0.118E+12 -0.117E+12
    498000   0.240 -0.275E+11 -0.308E+11
    499000   0.241 -0.202E+11 -0.226E+11
    500000   0.241 -0.268E+11 -0.290E+11
    501000   0.242 -0.177E+11 -0.256E+11
    502000   0.242 -0.174E+11 -0.275E+11
    503000   0.243 -0.300E+11 -0.316E+11
    504000   0.243 -0.518E+11 -0.343E+11
    505000   0.244 -0.402E+11 -0.162E+11
    506000   0.244 -0.272E+11  0.129E+10
    507000   0.245 -0.154E+11 -0.686E+09
    508000   0.245 -0.109E+12 -0.117E+12
    509000   0.246 -0.166E+11 -0.303E+11
    510000   0.246 -0.112E+11 -0.982E+10
    511000   0.247 -0.293E+11 -0.297E+11
    512000   0.247 -0.205E+11 -0.373E+11
    513000   0.248 -0.185E+11 -0.412E+11
    514000   0.248 -0.169E+11 -0.278E+11
    515000   0.249 -0.335E+11 -0.219E+11
    516000   0.249 -0.271E+11 -0.120E+10
    517000   0.250 -0.178E+11  0.171E+11
    518000   0.250 -0.934E+10  0.228E+11
    519000   0.250 -0.140E+12 -0.139E+12
    520000   0.251 -0.468E+11 -0.594E+11
    521000   0.251 -0.497E+10 -0.424E+10
    522000   0.252 -0.291E+11 -0.275E+11
    523000   0.252 -0.195E+11 -0.244E+11
    524000   0.253 -0.103E+11 -0.213E+11
    525000   0.253 -0.953E+10 -0.146E+11
    526000   0.254 -0.244E+11 -0.197E+11
    527000   0.254 -0.421E+11 -0.299E+11
    528000   0.255 -0.445E+11 -0.270E+11
    529000   0.255 -0.379E+11 -0.163E+11
    530000   0.256 -0.124E+12 -0.133E+12
    531000   0.256 -0.414E+11 -0.509E+11
    532000   0.257 -0.971E+10 -0.783E+10
    533000   0.257 -0.232E+11 -0.252E+11
    534000   0.258 -0.171E+11 -0.321E+11
    535000   0.258 -0.122E+11 -0.257E+11
    536000   0.259 -0.109E+11 -0.170E+11
    537000   0.259 -0.187E+11 -0.118E+11
    538000   0.260 -0.327E+11 -0.154E+11
    539000   0.260 -0.319E+11 -0.980E+10
    540000   0.261 -0.214E+11 -0.576E+09
    541000   0.261 -0.132E+12 -0.136E+12
    542000   0.262 -0.445E+11 -0.523E+11
    543000   0.262 -0.349E+10 -0.546E+10
    544000   0.263 -0.236E+11 -0.248E+11
    545000   0.263 -0.196E+11 -0.251E+11
    546000   0.264 -0.915E+10 -0.121E+11
    547000   0.264 -0.119E+10 -0.415E+10
    548000   0.264  0.133E+10  0.791E+09
    549000   0.265  0.266E+10  0.301E+10
    550000   0.265 -0.360E+10 -0.277E+10
    551000   0.266 -0.978E+06  0.252E+10
    552000   0.266 -0.104E+12 -0.102E+12
    553000   0.267 -0.166E+11 -0.167E+11
    554000   0.267 -0.116E+11 -0.164E+11
    555000   0.268 -0.218E+11 -0.317E+11
    556000   0.268 -0.125E+11 -0.231E+11
    557000   0.269 -0.729E+10 -0.150E+11
    558000   0.269 -0.109E+11 -0.122E+11
    559000   0.270 -0.184E+11 -0.127E+11
    560000   0.270 -0.298E+11 -0.158E+11
    561000   0.271 -0.281E+11 -0.109E+11
    562000   0.271 -0.744E+11 -0.709E+11
    563000   0.272 -0.853E+11 -0.903E+11
    564000   0.272  0.263E+10 -0.193E+10
    565000   0.273 -0.124E+11 -0.767E+10
    566000   0.273 -0.217E+11 -0.280E+11
    567000   0.274 -0.130E+11 -0.255E+11
    568000   0.274 -0.801E+10 -0.207E+11
    569000   0.275 -0.234E+10 -0.491E+10
    570000   0.275 -0.173E+11 -0.132E+11
    571000   0.276 -0.397E+11 -0.260E+11
    572000   0.276 -0.523E+11 -0.285E+11
    573000   0.277 -0.367E+11 -0.187E+11
    574000   0.277 -0.859E+11 -0.977E+11
    575000   0.277 -0.552E+10 -0.160E+11
    576000   0.278 -0.608E+10 -0.539E+10
    577000   0.278 -0.265E+11 -0.299E+11
    578000   0.279 -0.153E+11 -0.285E+11
    579000   0.279 -0.582E+10 -0.180E+11
    580000   0.280 -0.121E+11 -0.165E+11
    581000   0.280 -0.122E+11 -0.568E+10
    582000   0.281 -0.151E+11 -0.121E+10
    583000   0.281 -0.125E+11  0.484E+10
    584000   0.282 -0.860E+10  0.738E+08
    585000   0.282 -0.101E+12 -0.106E+12
    586000   0.283 -0.134E+11 -0.245E+11
    587000   0.283 -0.165E+11 -0.219E+11
    588000   0.284 -0.254E+11 -0.271E+11
    589000   0.284 -0.926E+10 -0.216E+11
    590000   0.285 -0.106E+08 -0.960E+10
    591000   0.285 -0.104E+11 -0.138E+11
    592000   0.286 -0.242E+11 -0.152E+11
    593000   0.286 -0.404E+11 -0.219E+11
    594000   0.287 -0.395E+11 -0.199E+11
    595000   0.287 -0.217E+11 -0.857E+10
    596000   0.288 -0.906E+11 -0.101E+12
    597000   0.288 -0.765E+10 -0.194E+11
    598000   0.289 -0.489E+10 -0.676E+10
    599000   0.289 -0.223E+11 -0.275E+11
    600000   0.290 -0.962E+10 -0.159E+11
    601000   0.290 -0.287E+10 -0.848E+10
    602000   0.291  0.347E+10 -0.254E+09
    603000   0.291 -0.384E+10 -0.284E+10
    604000   0.291 -0.262E+11 -0.206E+11
    605000   0.292 -0.400E+11 -0.288E+11
    606000   0.292 -0.101E+12 -0.107E+12
    607000   0.293 -0.530E+11 -0.580E+11
    608000   0.293  0.219E+10 -0.261E+10
    609000   0.294 -0.190E+11 -0.225E+11
    610000   0.294 -0.145E+11 -0.173E+11
    611000   0.295 -0.293E+10 -0.671E+10
    612000   0.295  0.241E+10 -0.749E+09
    613000   0.296  0.484E+10  0.186E+10
    614000   0.296  0.280E+10  0.180E+10
    615000   0.297  0.617E+10  0.705E+10
    616000   0.297  0.108E+11  0.138E+11
    617000   0.298 -0.118E+12 -0.118E+12
    618000   0.298 -0.317E+11 -0.313E+11
    619000   0.299 -0.182E+10 -0.987E+10
    620000   0.299 -0.178E+11 -0.273E+11
    621000   0.300 -0.929E+10 -0.103E+11
    622000   0.300 -0.222E+10 -0.426E+10
    623000   0.301  0.455E+10  0.434E+10
    624000   0.301  0.618E+10  0.257E+10
    625000   0.302 -0.111E+11 -0.109E+11
    626000   0.302 -0.217E+11 -0.158E+11
    627000   0.303 -0.720E+11 -0.691E+11
    628000   0.303 -0.797E+11 -0.797E+11
    629000   0.304  0.750E+10  0.291E+10
    630000   0.304 -0.140E+11 -0.175E+11
    631000   0.305 -0.149E+11 -0.176E+11
    632000   0.305 -0.167E+10 -0.674E+10
    633000   0.305  0.388E+10 -0.130E+10
    634000   0.306  0.553E+10  0.259E+10
    635000   0.306 -0.148E+11 -0.131E+11
    636000   0.307 -0.271E+11 -0.239E+11
    637000   0.307 -0.299E+11 -0.248E+11
    638000   0.308 -0.114E+12 -0.114E+12
    639000   0.308 -0.368E+11 -0.381E+11
    640000   0.309 -0.100E+10 -0.396E+10
    641000   0.309 -0.159E+11 -0.235E+11
    642000   0.310 -0.822E+10 -0.135E+11
    643000   0.310  0.805E+08 -0.376E+10
    644000   0.311  0.447E+10  0.202E+10
    645000   0.311 -0.542E+08 -0.143E+08
    646000   0.312 -0.195E+11 -0.140E+11
    647000   0.312 -0.257E+11 -0.190E+11
    648000   0.313 -0.137E+11 -0.992E+10
    649000   0.313 -0.897E+11 -0.905E+11
